 
, 
, 
, 
, 
, 
, 
, 
, 
, 
,271105006,271106009,271106017,271106023,271106030,271107001,271107020,271107024,271107025,271107026,271108009,271108017,271109002,271109014,271109022,271109023,271109025,271109027,271110004,271110017,271110019,271110022,271111001,271111012,271111018,271111020,271111025,271112007,271112017,271113006,271113019,271113021,271113030,271114001,271114002,271114003,271114005,271114014,271114016,271114027,271115006,271115021,271116001,271116002,271116005,271116013,271116017,271116020,271116023, 
,271117010,271117016,271117017,271117027,271117030, 
,271117017,271117027,271117030,271118023, 
,271119026,271119029,271119030,271120005,271120006,271120018,271120023,271120027,271121002,271121014,271121016,271121021,271121022,271121024,271121029,271121030,271123011,271123014,271123019,271123021,271123022,271123025,271123027,271124012,271124019,271124020,271124029,271124030,271125011,271125013,271125025,271126006,271126009,271126022,271126023,271127005,271127013,271127014,271127015,271127017,271128006,271128008,271128021,271128023,271128024,271128025, 
, 
,271130006,271130014,271130021,271130025, 
, 
, 
, 
, 
,271201003,271201017,271201023,271201027,271202002,271202007,271202008,271202013,271202018,271202025,271203004,271203009,271203026,271203028,271204005,271204011,271204016,271204023,271205003,271205007,271205009,271205010,271205017,271205020,271205024,271205025,271205027,271205028,271205030,271206001,271206006,271206022,271207002,271207003,271207008,271207009,271207017,271207019,271207020,271207023,271207024,271207025,271207027,271208001,271208004,271208006,271208007,271208016,271208018,271208030,271209003,271209008,271209012,271209013,271209022,271209027,271209028,271210018,271210019,271210020,271210021,271210023,271211001,271211004,271211005,271211009,271211017,271211026,271211027,271211029,271212002,271212007,271212010,271212011,271212015,271212018,271212020,271212021,271212022,271212028,271212030,271213013,271213014,271214002,271214004,271214006,271214008,271214009,271214011,271214016,271214017,271214020,271214022,271214029,271214030,271215001,271215003,271215005,271215010,271215014,271215015,271215018,271215019,271215024,271215026,271215027,271216007,271216008,271216013,271216028,271217001,271217005,271217006,271217014,271217018,271217022,271217024,271217029,271218004,271218012,271218017,271219001,271219002,271219006,271219010,271219011,271219015,271219016,271219018,271219022,271219025,271219027,271219029,271219030,271220005,271220007,271220014,271221002,271221006,271221008,271221016,271221019,271221020,271221022,271221025,271221027,271221030,271222003,271222004,271222011,271222014,271222015,271222017,271222021,271222024,271222029,271223002,271223005,271223008,271223018,271223023,271225005,271225013,271225022,271226001,271226007,271226009,271226017,271226019,271226020,271226023,271226024,271226026,271226029,271226030,271227006,271227012,271227025,271228004,271228008,271228009,271228013,271228014,271228017,271228021,271228022,271228023,271228024,271228029,271228030,271229003,271229015,271229019,271229025,271229027,271230007,271230023,271231004,271231008,271231025,280102005,280102006,280102012,280102019,280102027,280103021,280104005,280104009,280104015,280104017,280105001,280105021,280106007,280106016,280106027,280106028,280107021,280108005,280108023,280108027,280108030,280109001,280109003,280109006,280109012,280109017,280109021,280109022,280110026,280111001,280111003,280111005,280111017,280111025,280112012,280112021,280112026,280112027,280112030,280113001,280113018,280114002,280114017,280213016,291209013,280114023,291209015,280114025,291209017,280213025,280213028,400278584,400578695,291209024,310326026,400278586,310326030,280115008,291210026,280214021,310327005,280219005,400578698,310327009,280115012,310327013,280219008,280219013,280115018,400278590,280219016,280115019,400278591,280219022,291211005,291211011,400578701,400278592,310327020,291211013,280219025,400278593,310327021,291211014,280116003,280219027,291211021,310327029,280220003,280116014,291211024,310328004,400278596,280220011,280116017,280116028,310328018,400578706,400278598,310328024,400278599,280220017,291212006,280117013,280220021,280220023,291212007,291212008,400578709,291212015,280117024,400578710,400278602,400578711,310329005,310329017,400278603,400578712,280118003,291212026,400278604,400578713,310329025,291213001,280221022,280118008,291213012,400278606,310330003,280118021,291213025,280222005,280222008,280118027,280222011,310330012,291214006,280118029,400278610,280119004,280119006,310330018,400278611,400578719,310330020,400278613,280222021,280119011,280222025,280119012,400278614,280222029,400278615,280222030,400578723,310330029,310330030,291215004,291215005,310331013,280223017,400278619,280120021,280223024,291215021,280223027,280121003,280224005,280121010,400578729,400278623,291216001,280121012,400278624,280224016,280121013,400278625,280224019,280224021,400278626,400278627,291216009,280224025,400578732,280121019,280224028,310401020,280225003,291216015,400278629,310401021,280225006,400278630,280121027,291216017,400278631,291216019,400578735,291216020,310401026,280122015,280122023,400578737,310401027,291216025,280226009,280226010,400278635,291217014,310402009,400278636,291217022,280226014,400578740,280226015,310402015,280123005,310402029,400278638,280226017,280226029,280123012,280227001,280123016,400578743,310403003,280227002,291218005,280227003,291218006,280123024,280123025,310403013,310403017,280123029,310403018,280123030,280124009,400278643,310403022,280227020,280227025,400278645,400578748,291218028,400578749,280125003,280228013,280228017,280125005,280125006,280125007,400278649,400278650,291219017,400578753,291219019,291219020,291219021,310405005,400578755,280229004,280125025,291219024,280125026,280229005,400578756,400278653,280229006,310405013,310405017,280229009,291220006,400278656,310405018,291220008,400278657,280229022,280229025,400278658,310405022,400278659,280301012,310405029,280127004,280301019,280127006,280301021,400578763,310406006,310406008,310406009,400278664,400278665,280302005,280127015,280127016,291221021,291221024,310406020,400278668,310406024,280127025,400278669,291222006,280128003,400278670,400578769,310406028,280302016,280302017,400278671,291222013,280302023,280302027,280128029,310407004,400278673,310407026,280129004,400278674,280303012,400278675,291222027,400278677,280129013,310408005,400578774,310408006,280129017,400278679,280129021,280304008,280129025,280129027,310408017,280304022,280304023,280130016,280304024,280305002,291223017,310408022,280305007,291223021,280130022,291223023,280130023,291223024,280305012,291225013,280305015,280130028,280305018,400278688,291225019,310409015,280131002,291225021,400278689,280305027,280305029,291225022,400278690,280131021,400278691,280131025,280306004,291226006,310410006,280306006,310410009,291226009,280201014,310410011,310410013,400278694,280307003,291226015,400278695,291226017,280307013,310410028,291226023,310410029,280201023,280201027,291226026,280201028,280202001,291227005,280307018,280307020,400278699,280202005,291227007,400578792,280307021,400278700,310411007,310411008,400578794,280307028,400278702,310411010,291227018,280202023,280202025,310411017,400278704,400278705,291228017,280308006,400278706,280203008,291228021,280203027,400578798,291228022,310411023,400278709,310412013,310412018,400278711,291229001,310412022,280204019,310413002,310413004,280308027,280204021,400578803,310413005,400278713,400278714,310413006,280204025,280309008,400278715,310413009,280309013,400578805,310413012,280205005,400578806,400278717,280309021,280309028,400578807,280205017,280310005,291229024,280205020,280310006,280310010,291230003,291230005,310413021,310413023,400278721,280206006,400578811,291230017,291230019,291230021,280311011,400278724,291230022,400278725,291230023,280206019,280206021,280311021,280206023,280311027,280206027,311225009,291231010,400278728,280312002,291231012,400578817,291231024,280207010,311225018,400278730,311225025,400278731,280208001,400578819,280208006,280208007,300101013,400278733,280208008,300101016,311226009,400578822,311226016,400278736,280208019,280208021,311226019,300102004,280312017,400278737,280208023,280312019,280208030,280313021,311226022,400278739,280313023,311226023,400578826,280313027,280209009,311226024,311226027,300102017,300102021,400578828,300102022,400278742,300102023,400278743,400278744,400278745,311227015,300102027,311227017,400578831,300103005,311227022,300103007,311228001,300103013,280210005,280210008,300103028,400578835,400278750,280314025,300104012,311228009,280210017,280210021,311228021,400278752,280211009,311228024,280315017,400278753,311228028,400578838,400278754,300105006,400278755,280211019,300105011,280315021,280211020,300105013,300105017,311229010,300105020,400578841,311229013,311229019,280315027,280211030,300105022,400578842,300105023,400278759,280316007,311229023,400278760,300106001,400278761,300106005,280316010,311230001,300106012,400278762,400278763,280212017,400578846,280212029,280316023,300106019,300106021,280213005,311230011,300106024,280213006,280213008,280213009,400578850,280213010,280317019,400578851,280213012,400278769,400278770,311230026,300108001,300108003,400278771,280213016,300108007,280317027,311230030,280318004,280213025,280213028,311231008,280318006,311231009,400578856,300108020,300108021,280214021,300108022,311231023,280219005,280318022,400278777,300108024,311231024,280318023,400278778,300108027,280219008,400278779,280219013,400578860,320101004,320101005,280219016,280219022,300109006,300109008,280219025,400278783,280219027,300109019,280319017,400278784,280220003,320101016,280319019,320101019,300109025,280319025,320101023,280220011,320101027,320102002,280220017,300110013,300110022,300110024,400578868,280220021,320102008,280220023,400278790,400278791,320102016,320102017,400278792,320102018,320102021,280321013,280221022,280321014,280321017,320103004,400578873,300111009,280321019,400278796,280222005,400278797,280222008,300111020,400578875,280321024,300111021,280222011,300111025,400578877,400278800,300112023,320103029,320104002,300112024,320104003,400278802,280222021,280222025,280222029,280222030,320104007,400278804,320104008,280322020,400578882,280322021,280322026,320104014,280223017,300113006,280223024,320104018,300113007,320104019,400578886,320104024,280223027,280224005,400278810,280323027,300113011,300113017,280224016,300113020,280224019,280224021,300113022,280324008,300113025,320105023,280224025,400278814,280224028,320105024,400578891,280324010,300114026,280225003,300115001,280225006,280324018,280324025,300115006,400278818,320106019,280226009,280226010,320106020,280325019,280325022,400578897,400278822,300115013,300115017,280226014,400578898,400278823,280226015,400578899,320106026,300115020,280226017,280326002,320106027,320106028,300115022,280226029,280227001,400278826,280227002,280227003,300115030,400278827,320107001,280326013,280326017,400278828,320107008,400578904,280326020,300116012,280326023,400278831,300116025,280227020,280227025,400578906,280326025,400578907,320107011,320107017,280228013,280228017,300116029,320107020,280327008,300116030,320107024,400578910,400278836,300117028,400278837,300118001,280328011,300118002,280328013,300118003,280328015,280229004,320108023,280328020,280229005,400278840,320108025,280328023,280229006,400278841,320108027,300118012,320109004,280328025,300118013,280229009,300118016,400578916,400278843,320109017,280328028,320109018,320109020,280229022,280229025,400278845,300118027,320109028,400278846,300118029,280301012,400578919,280329008,300119005,400278848,280329017,280301019,280301021,320110013,320110015,320110016,320110020,280302005,280330005,300120008,400278853,400578925,280330013,400278856,280330025,280302016,280302017,280302023,300120019,400278858,280302027,300120020,300120021,400278859,300120024,280303012,300120027,320111004,320111007,280331021,320111011,280331026,300121005,400278862,400578932,400278863,320111018,300122001,320111022,280304008,300122002,320111024,300122009,280401007,320111028,400278867,280304022,300122018,280401016,280401017,280304023,280304024,300122019,400578937,280305002,320112009,300122020,280401023,300122021,280305007,300122024,400278870,280305012,320112029,400578941,320113002,280305015,300122029,400278873,300123005,280305018,400278874,400278875,280402013,280305027,280305029,400278876,300123008,400278877,280402025,400578944,400278878,280306004,320113010,400278879,300123011,280306006,280402027,320113020,320113021,280402030,320113024,280307003,320113028,300123021,300123026,300123030,280307013,300124018,280403023,320114004,300124028,400278885,300125002,400278886,320114006,280404008,400578951,280307018,280307020,280307021,320114011,280307028,300125014,280404021,280404025,300125020,300125022,320114025,320114026,300125024,280404027,320114027,300125026,280308006,300125029,300126006,400278892,280405004,400578958,300126021,400278894,280405017,300126027,400278896,320115024,300127005,400278897,